0 0.557113 0.441444 0.035930 0.023778
0 0.662660 0.471549 0.047508 0.040042
0 0.476270 0.632667 0.059898 0.081889
0 0.329125 0.537833 0.044094 0.066222
0 0.291441 0.503799 0.037898 0.049764
0 0.990824 0.642319 0.018023 0.057972
0 0.230422 0.469396 0.030875 0.035375
0 0.274344 0.462583 0.035406 0.036556
0 0.324922 0.443333 0.042656 0.051667
0 0.462773 0.519125 0.051953 0.068694
0 0.981953 0.864479 0.036094 0.131042
0 0.438078 0.582187 0.048578 0.062819
0 0.623305 0.679708 0.078016 0.101861
0 0.841637 0.620368 0.072773 0.076708
0 0.544500 0.583826 0.058375 0.079319
0 0.778785 0.651000 0.087617 0.117111
0 0.379082 0.514931 0.045586 0.057361
0 0.464543 0.451674 0.037523 0.035847
0 0.516211 0.432549 0.047500 0.040042
0 0.552844 0.472118 0.052297 0.055625
0 0.262273 0.898542 0.121719 0.191667
0 0.616543 0.497646 0.051570 0.059653
0 0.285625 0.625569 0.053938 0.103528
0 0.736105 0.518403 0.052773 0.050639
0 0.700043 0.537701 0.057023 0.058625
0 0.386137 0.486076 0.037586 0.038264
