0 0.462691 0.949444 0.114289 0.095083
0 0.427293 0.436021 0.042758 0.041292
0 0.556477 0.470000 0.054078 0.056111
0 0.635223 0.557438 0.058961 0.051931
0 0.772852 0.652861 0.078312 0.090583
0 0.497332 0.481389 0.042758 0.038750
0 0.686523 0.742688 0.090188 0.116347
0 0.271941 0.832722 0.080508 0.161889
0 0.379250 0.621542 0.057281 0.095806
0 0.275813 0.707993 0.062688 0.101264
0 0.608117 0.889674 0.110719 0.182292
0 0.768801 0.568944 0.067367 0.067306
0 0.814422 0.519597 0.059906 0.057917
0 0.273293 0.484035 0.042211 0.049458
0 0.309520 0.465993 0.049086 0.053014
0 0.595867 0.466042 0.037953 0.053472
0 0.965617 0.707667 0.064375 0.065278
0 0.397777 0.449986 0.034148 0.031139
0 0.236289 0.527340 0.046797 0.061069
0 0.477809 0.611674 0.065164 0.099153
0 0.762918 0.409319 0.037430 0.050444
0 0.326355 0.416861 0.034852 0.035861
