0 0.481625 0.435799 0.035984 0.034375
0 0.528711 0.726479 0.068359 0.103097
0 0.718422 0.604090 0.064609 0.080347
0 0.850078 0.562396 0.061766 0.079153
0 0.785410 0.561993 0.099039 0.095264
0 0.276934 0.604681 0.046836 0.076667
0 0.386320 0.626479 0.060344 0.094069
0 0.575605 0.480167 0.052039 0.051056
0 0.408117 0.434257 0.033609 0.026764
0 0.374875 0.440201 0.035094 0.033208
0 0.456109 0.589139 0.057531 0.074222
0 0.586031 0.528049 0.048406 0.045514
0 0.268047 0.481583 0.046250 0.053500
0 0.610656 0.469035 0.042719 0.049458
0 0.482926 0.467507 0.041492 0.038347
0 0.778652 0.425361 0.055508 0.050444
0 0.304953 0.414667 0.022562 0.022333
0 0.347504 0.491340 0.046555 0.055653
0 0.259316 0.551236 0.042227 0.051361
0 0.456113 0.518847 0.051836 0.059250
0 0.429297 0.940125 0.121406 0.119750
0 0.815891 0.927410 0.156031 0.145181
