0 0.920125 0.651618 0.100234 0.102764
0 0.872641 0.931986 0.146438 0.136028
0 0.972684 0.828035 0.054633 0.103931
0 0.232887 0.920639 0.124695 0.158722
0 0.379699 0.476632 0.040133 0.045347
0 0.418711 0.432569 0.039453 0.037639
0 0.369398 0.587653 0.046719 0.076750
0 0.443539 0.502944 0.049437 0.066778
0 0.401004 0.677424 0.060992 0.114903
0 0.657918 0.699174 0.088586 0.113542
0 0.544996 0.502125 0.044727 0.050056
0 0.628617 0.510549 0.052250 0.047597
0 0.766156 0.642278 0.077375 0.085111
0 0.597602 0.826569 0.094047 0.139778
0 0.665898 0.966868 0.103672 0.066264
0 0.495559 0.628722 0.061383 0.102194
0 0.532285 0.585104 0.055898 0.066736
0 0.648348 0.566625 0.056383 0.051861
0 0.703902 0.505799 0.056852 0.061181
0 0.376203 0.521139 0.044781 0.053000
0 0.467348 0.447708 0.040352 0.036528
0 0.331727 0.483521 0.040797 0.045347
0 0.345473 0.422931 0.030477 0.027250
0 0.345117 0.403153 0.039453 0.027250
0 0.257227 0.481181 0.039141 0.040972
0 0.249852 0.446153 0.036266 0.039250
0 0.309051 0.521285 0.039195 0.057486
