0 0.532348 0.674667 0.070008 0.105194
0 0.722699 0.548438 0.064523 0.070153
0 0.595125 0.528715 0.048922 0.060597
0 0.839027 0.618604 0.091758 0.080875
0 0.499820 0.556868 0.065250 0.073042
0 0.626020 0.499549 0.052102 0.053181
0 0.440617 0.581764 0.052109 0.067083
0 0.288672 0.598403 0.068906 0.165417
0 0.340371 0.543382 0.040086 0.064069
0 0.286332 0.405493 0.028430 0.027069
0 0.431605 0.430319 0.035867 0.041194
0 0.491508 0.461431 0.038531 0.042306
0 0.447813 0.460833 0.046500 0.054444
0 0.834492 0.555243 0.079453 0.080875
0 0.352586 0.472049 0.048797 0.066292
0 0.365125 0.438125 0.037562 0.041194
0 0.377211 0.428104 0.032547 0.030097
0 0.326125 0.421424 0.028812 0.032986
0 0.514570 0.444132 0.047109 0.050625
0 0.974605 0.719167 0.050789 0.082778
0 0.248996 0.519660 0.045023 0.075986
0 0.254836 0.458160 0.031734 0.034514
0 0.244621 0.428493 0.039242 0.034514
