0 0.502387 0.554028 0.049195 0.056472
0 0.620637 0.550562 0.052273 0.055542
0 0.866848 0.720812 0.096039 0.097514
0 0.452383 0.962882 0.117266 0.074236
0 0.511906 0.442799 0.111187 0.135236
0 0.661586 0.494861 0.053016 0.040000
0 0.561273 0.513840 0.048672 0.048569
0 0.653684 0.517931 0.049289 0.047861
0 0.734258 0.623063 0.069922 0.071125
0 0.774633 0.539597 0.053953 0.051972
0 0.431004 0.502028 0.049195 0.056472
0 0.368949 0.510597 0.049195 0.056472
0 0.289469 0.501903 0.037484 0.041806
0 0.227262 0.470313 0.069102 0.060264
0 0.745027 0.559569 0.055695 0.054778
0 0.396125 0.691528 0.059344 0.093444
0 0.240484 0.466326 0.041906 0.049708
0 0.267316 0.539250 0.040164 0.069194
