0 0.630496 0.480632 0.052445 0.040125
0 0.837828 0.693424 0.085687 0.084542
0 0.615496 0.504931 0.049320 0.052083
0 0.390668 0.481833 0.056477 0.044111
0 0.390887 0.428958 0.032555 0.030694
0 0.348820 0.436160 0.028891 0.025931
0 0.555629 0.460847 0.035242 0.038972
0 0.275055 0.410799 0.030203 0.024792
0 0.263512 0.546729 0.043445 0.062903
0 0.221074 0.935819 0.114992 0.128361
0 0.425770 0.949924 0.127867 0.100153
0 0.282715 0.652715 0.056102 0.099875
0 0.461023 0.469347 0.034563 0.037694
0 0.485961 0.466681 0.033984 0.043111
0 0.971316 0.717694 0.057367 0.091556
0 0.323359 0.515882 0.047531 0.090819
0 0.323582 0.420514 0.030492 0.027028
0 0.306348 0.404479 0.031758 0.030486
0 0.245195 0.468882 0.037844 0.045958
0 0.624246 0.453146 0.052445 0.040125
0 0.825617 0.553174 0.072453 0.071042
0 0.765852 0.602361 0.068687 0.075500
0 0.559059 0.775174 0.082117 0.124764
0 0.502848 0.649896 0.069930 0.107847
