0 0.290074 0.440799 0.041477 0.037653
0 0.432797 0.508222 0.047375 0.066611
0 0.735195 0.803250 0.118516 0.170722
0 0.387422 0.634861 0.076406 0.190278
0 0.429141 0.572167 0.032969 0.060111
0 0.251699 0.551090 0.041086 0.049458
0 0.292254 0.506646 0.039008 0.062097
0 0.328020 0.541375 0.038570 0.062972
0 0.508844 0.566375 0.054641 0.063167
0 0.897281 0.460250 0.070922 0.064389
0 0.301063 0.596229 0.042797 0.074347
0 0.544289 0.733528 0.073797 0.110306
0 0.748547 0.577972 0.070609 0.064361
0 0.737738 0.492535 0.051555 0.051847
0 0.331855 0.486021 0.038633 0.046042
0 0.322051 0.417250 0.041477 0.034167
0 0.913605 0.577306 0.082945 0.086500
0 0.293238 0.778486 0.072430 0.150000
0 0.371016 0.473660 0.045000 0.046042
0 0.400934 0.418333 0.041477 0.034167
