0 0.955594 0.604542 0.060469 0.071000
0 0.565293 0.478840 0.051898 0.052153
0 0.682031 0.497563 0.052500 0.052875
0 0.253738 0.949299 0.112055 0.101403
0 0.470004 0.973285 0.106867 0.053431
0 0.625320 0.870174 0.112484 0.172153
0 0.321984 0.481389 0.040313 0.031111
0 0.506270 0.428312 0.106758 0.083569
0 0.275223 0.489382 0.040305 0.042347
0 0.372586 0.510979 0.044516 0.045264
0 0.301055 0.650382 0.051656 0.092431
0 0.255504 0.549097 0.041852 0.066528
0 0.423965 0.559583 0.048789 0.072778
0 0.778430 0.655236 0.084578 0.071583
0 0.332496 0.536979 0.043039 0.062375
0 0.821996 0.559021 0.068773 0.055764
0 0.709703 0.551840 0.060687 0.062014
0 0.800590 0.506889 0.063258 0.047667
0 0.571891 0.521743 0.047063 0.044875
0 0.651148 0.439799 0.122859 0.090708
