0 0.409402 0.675194 0.059086 0.113833
0 0.371660 0.410667 0.033664 0.033333
0 0.313523 0.425944 0.029781 0.027000
0 0.266133 0.585167 0.045234 0.072722
0 0.423773 0.543868 0.058953 0.071625
0 0.675406 0.961528 0.118641 0.076944
0 0.227574 0.452472 0.036617 0.041250
0 0.850148 0.694007 0.088141 0.083181
0 0.877773 0.645674 0.082687 0.071264
0 0.978195 0.601757 0.043609 0.178708
0 0.597500 0.463896 0.031875 0.033903
0 0.494809 0.552833 0.051789 0.058778
0 0.263008 0.485833 0.036328 0.043611
0 0.236074 0.519833 0.037383 0.053278
0 0.309586 0.404000 0.029781 0.027000
0 0.246949 0.907264 0.098727 0.153556
0 0.576258 0.483083 0.050875 0.052889
0 0.774734 0.870417 0.118641 0.148306
0 0.456187 0.604014 0.051344 0.077194
0 0.715336 0.513646 0.055375 0.059792
0 0.700340 0.598917 0.066695 0.071306
0 0.340656 0.542938 0.051359 0.061986
0 0.363801 0.437222 0.033664 0.033333
0 0.284801 0.687569 0.060633 0.114306
0 0.520422 0.659542 0.071312 0.116028
