0 0.253168 0.404208 0.029805 0.034583
0 0.230789 0.398229 0.015328 0.020625
0 0.333211 0.427181 0.030297 0.031861
0 0.189887 0.395757 0.028508 0.025153
0 0.861234 0.709715 0.106531 0.105847
0 0.634805 0.561507 0.051797 0.050625
0 0.186484 0.442778 0.036094 0.035833
0 0.598695 0.640083 0.075687 0.098417
0 0.561984 0.490451 0.042906 0.050208
0 0.566516 0.448271 0.042906 0.050208
0 0.663359 0.517771 0.053281 0.053319
0 0.173332 0.416215 0.034633 0.043958
0 0.344305 0.491701 0.042953 0.054653
0 0.853082 0.942514 0.107055 0.108250
0 0.273965 0.839493 0.085648 0.135764
0 0.507133 0.464465 0.040359 0.037986
0 0.423809 0.421687 0.037070 0.034153
0 0.382117 0.624201 0.050766 0.077236
0 0.239656 0.521167 0.040266 0.063167
0 0.307414 0.529340 0.047016 0.072653
0 0.985582 0.636264 0.028383 0.087583
0 0.830715 0.612056 0.071617 0.062139
0 0.296012 0.467562 0.045148 0.046514
0 0.185758 0.469639 0.026672 0.049556
0 0.433578 0.898778 0.092469 0.202444
0 0.343098 0.413910 0.025008 0.024542
