0 0.522504 0.693181 0.066523 0.116250
0 0.929129 0.608486 0.083602 0.075306
0 0.397578 0.657521 0.069687 0.137236
0 0.610254 0.474090 0.050336 0.051625
0 0.979398 0.580125 0.041125 0.071694
0 0.936516 0.692208 0.085641 0.076556
0 0.873488 0.962799 0.113336 0.074403
0 0.676828 0.963361 0.106813 0.073278
0 0.682719 0.721187 0.086203 0.127069
0 0.546672 0.582674 0.070094 0.102708
0 0.285906 0.631319 0.046156 0.069861
0 0.275355 0.591826 0.042586 0.060319
0 0.330055 0.545576 0.042609 0.060319
0 0.237566 0.521944 0.037008 0.046944
0 0.342109 0.486625 0.042609 0.057583
0 0.663152 0.471347 0.043758 0.040750
0 0.589672 0.533562 0.049188 0.048931
0 0.445937 0.571007 0.051094 0.061042
0 0.500543 0.483757 0.050336 0.051625
0 0.472219 0.423389 0.048156 0.046889
0 0.537566 0.436764 0.039711 0.034806
0 0.446285 0.465611 0.043039 0.034806
0 0.282738 0.782111 0.078508 0.169556
0 0.811191 0.676153 0.085023 0.082917
0 0.676910 0.580743 0.062211 0.066819
